    0.3300    0.3300    0.3300    0.3300    0.3300    0.3300
    0.3300    0.2100    0.0400    0.0500    0.3300    0.3300
    0.2200    0.0400    0.0400    0.0500    0.0500    0.3300
    0.1800    0.0500    0.0400    0.0500    0.0500    0.3700
    0.1800    0.0500    0.0600    0.0400    0.0600    0.0500
    0.2200    0.0500    0.0500    0.0400    0.0500    0.0600
    0.2100    0.0400    0.0500    0.0400    0.0500    0.0600

    0.3300    0.3300    0.3300    0.3300    0.3300    0.3300
    0.3300    0.2100    0.0400    0.0500    0.3300    0.3300
    0.2100    0.0500    0.0400    0.0500    0.0500    0.3300
    0.1900    0.0500    0.0400    0.0500    0.0500    0.3300
    0.1800    0.0600    0.0600    0.0400    0.0400    0.0400
    0.1700    0.0400    0.0500    0.0400    0.0500    0.0500
    0.1800    0.0500    0.0600    0.0400    0.0500    0.0600