    0.3300    0.3300    0.3300    0.3300    0.3300    0.3300
    0.3300    0.2000    0.0400    0.0500    0.3300    0.3300
    0.1800    0.0500    0.0400    0.0500    0.0500    0.3300
    0.1800    0.0500    0.0400    0.0500    0.0600    0.3400
    0.1800    0.0500    0.0400    0.0400    0.0400    0.0500
    0.1800    0.0500    0.0500    0.0400    0.0500    0.0500
    0.1800    0.0500    0.0500    0.0400    0.0500    0.0500

    0.3300    0.3300    0.3300    0.3300    0.3300    0.3300
    0.3300    0.2000    =0.0400    0.0500    0.3300    0.3300
    0.1800    0.0500    =0.0400    0.0500    0.0500    0.3300
    0.1800    0.0500    =0.0400    0.0500    0.0600    0.3400
    0.1800    0.0500    0.0400    =0.0400    =0.0400    0.0500
    0.1800    0.0500    0.0500    =0.0400    0.0500    0.0500
    0.1800    0.0500    0.0500    =0.0400    0.0500    0.0500